747
747
738
756
735
702
726
711
741
732
768
720
750
732
750
741
735
690
753
726
720
681
750
729
714
708
741
762
720
732
723
687
723
765
744
717
759
705
735
744
75
714
720
720
726
723
-842150451
-842150451
-842150451
-842150451
-842150451
-842150451
-842150451
-842150451
-842150451
-842150451
-842150451
-842150451
-842150451
-842150451
-842150451
-842150451
-842150451
-842150451
-842150451
-842150451
-842150451
-842150451
-842150451
-842150451
-842150451
-842150451
-842150451
-842150451
-842150451
-842150451
-842150451
-842150451
-842150451
-842150451
-842150451
-842150451
-842150451
-842150451
-842150451
-842150451
-842150451
-842150451
-842150451
-842150451
-842150451
-842150451
-842150451
-842150451
-842150451
-842150451
-842150451
-842150451
-842150451
-842150451
