-175.32
562.66
841.615
147.671
562.66
841.615
-166.414
562.66
836.692
149.051
562.66
840.852
149.051
562.66
380.138
140.144
562.66
835.929
147.671
562.66
379.375
-175.32
562.66
379.375
138.764
562.66
384.298
-176.7
562.66
380.138
-176.7
562.66
840.852
-167.794
562.66
385.061
-165.842
562.442
836.152
138.193
562.442
836.152
-165.842
560.497
836.152
139.168
562.442
835.613
139.168
562.442
385.377
139.168
560.497
835.613
138.193
562.442
384.838
-165.842
562.442
384.838
138.193
560.497
384.838
-166.818
562.442
385.377
-166.818
562.442
835.613
-166.818
560.497
385.377
-176.7
562.442
842.154
-175.32
562.66
841.615
-177.676
562.442
841.615
150.026
562.442
841.615
149.051
562.66
840.852
147.671
562.66
841.615
-177.676
562.442
379.375
-176.7
562.66
380.138
-175.32
562.66
379.375
149.051
562.442
378.836
147.671
562.66
379.375
150.026
562.442
379.375
-166.414
562.66
836.692
-165.842
562.442
836.152
-167.794
562.66
835.929
140.144
562.66
835.929
139.168
562.442
835.613
138.193
562.442
836.152
138.764
562.66
384.298
138.193
562.442
384.838
140.144
562.66
385.061
-167.794
562.66
385.061
-166.818
562.442
385.377
-165.842
562.442
384.838
-165.842
560.497
836.152
-165.842
560.278
835.613
-166.818
560.497
835.613
139.168
560.497
835.613
138.193
560.278
835.613
138.193
560.497
836.152
138.193
560.497
384.838
138.193
560.278
385.377
139.168
560.497
385.377
-166.818
560.497
385.377
-165.842
560.278
385.377
-165.842
560.497
384.838
-175.32
562.66
841.615
-176.7
562.442
842.154
147.671
562.66
841.615
149.051
562.66
840.852
150.026
562.442
841.615
149.051
562.66
380.138
147.671
562.66
379.375
149.051
562.442
378.836
-175.32
562.66
379.375
-176.7
562.66
380.138
-177.676
562.442
379.375
-176.7
562.66
840.852
149.051
-0.000137
842.154
150.026
-0.000137
841.615
149.051
562.442
842.154
-176.7
562.442
842.154
-177.676
562.442
841.615
-176.7
-0.000137
842.154
150.026
-6.2e-005
379.375
149.051
-6.2e-005
378.836
150.026
562.442
379.375
-176.7
-6.2e-005
378.836
-177.676
-6.2e-005
379.375
-176.7
562.442
378.836
-165.842
562.442
836.152
-166.414
562.66
836.692
138.193
562.442
836.152
139.168
562.442
835.613
140.144
562.66
835.929
139.168
562.442
385.377
138.193
562.442
384.838
138.764
562.66
384.298
-166.414
562.66
384.298
-166.818
562.442
385.377
-167.794
562.66
385.061
-166.818
562.442
835.613
-175.32
562.66
841.615
-166.414
562.66
836.692
147.671
562.66
841.615
138.764
562.66
836.692
147.671
562.66
379.375
138.764
562.66
384.298
-175.32
562.66
379.375
-166.414
562.66
384.298
-165.842
560.278
835.613
-165.842
560.497
836.152
138.193
560.278
835.613
139.168
560.497
385.377
138.193
560.278
385.377
139.168
560.497
835.613
138.193
560.278
385.377
138.193
560.497
384.838
-165.842
560.278
385.377
-165.842
560.278
385.377
-166.818
560.497
385.377
-165.842
560.278
835.613
-166.818
562.442
835.613
-165.842
562.442
836.152
-166.818
560.497
835.613
138.193
562.442
836.152
139.168
562.442
835.613
139.168
560.497
835.613
139.168
562.442
385.377
138.193
562.442
384.838
139.168
560.497
385.377
-165.842
562.442
384.838
-166.818
562.442
385.377
-165.842
560.497
384.838
147.671
562.66
841.615
138.764
562.66
836.692
-166.414
562.66
836.692
140.144
562.66
385.061
-167.794
562.66
835.929
138.193
560.497
836.152
139.168
562.442
385.377
139.168
560.497
385.377
139.168
560.497
835.613
-165.842
560.497
384.838
-166.818
562.442
835.613
-166.818
560.497
835.613
-166.818
560.497
385.377
-175.32
562.66
841.615
-176.7
562.66
840.852
-177.676
562.442
841.615
149.051
562.442
842.154
150.026
562.442
841.615
147.671
562.66
841.615
-176.7
562.442
378.836
-177.676
562.442
379.375
-175.32
562.66
379.375
147.671
562.66
379.375
149.051
562.66
380.138
150.026
562.442
379.375
-165.842
562.442
836.152
-166.818
562.442
835.613
-167.794
562.66
835.929
138.764
562.66
836.692
140.144
562.66
835.929
138.193
562.442
836.152
138.193
562.442
384.838
139.168
562.442
385.377
140.144
562.66
385.061
-166.414
562.66
384.298
-167.794
562.66
385.061
-165.842
562.442
384.838
-176.7
562.442
842.154
149.051
562.442
842.154
147.671
562.66
841.615
150.026
562.442
841.615
150.026
562.442
379.375
149.051
562.66
380.138
149.051
562.442
378.836
-176.7
562.442
378.836
-175.32
562.66
379.375
-177.676
562.442
379.375
-177.676
562.442
841.615
-176.7
562.66
840.852
150.026
562.442
841.615
-177.676
562.442
841.615
-177.676
-0.000137
841.615
-176.7
-0.000137
842.154
149.051
-6.2e-005
378.836
149.051
562.442
378.836
150.026
562.442
379.375
-177.676
-6.2e-005
379.375
-177.676
562.442
379.375
-176.7
562.442
378.836
-166.414
562.66
836.692
138.764
562.66
836.692
138.193
562.442
836.152
140.144
562.66
835.929
140.144
562.66
385.061
139.168
562.442
385.377
-165.842
562.442
384.838
138.193
562.442
384.838
-166.414
562.66
384.298
-167.794
562.66
385.061
-167.794
562.66
835.929
-166.818
562.442
835.613
149.051
562.66
840.852
140.144
562.66
835.929
138.764
562.66
836.692
-176.7
562.66
380.138
-167.794
562.66
385.061
-166.414
562.66
384.298
-165.842
560.497
836.152
138.193
560.497
836.152
138.193
560.278
835.613
138.193
560.278
385.377
138.193
560.278
835.613
139.168
560.497
835.613
138.193
560.497
384.838
-165.842
560.497
384.838
-165.842
560.278
385.377
-166.818
560.497
385.377
-166.818
560.497
835.613
-165.842
560.278
835.613
-165.842
562.442
836.152
-165.842
560.497
836.152
-166.818
560.497
835.613
138.193
560.497
836.152
138.193
562.442
836.152
139.168
560.497
835.613
138.193
562.442
384.838
138.193
560.497
384.838
139.168
560.497
385.377
-166.818
562.442
385.377
-166.818
560.497
385.377
-165.842
560.497
384.838
138.193
560.278
385.377
-165.842
560.278
385.377
138.193
560.278
835.613
149.051
562.442
842.154
-176.7
562.442
842.154
149.051
-0.000137
842.154
150.026
562.442
379.375
150.026
562.442
841.615
150.026
-6.2e-005
379.375
-176.7
562.442
378.836
149.051
562.442
378.836
-176.7
-6.2e-005
378.836
-177.676
562.442
841.615
-177.676
562.442
379.375
-177.676
-0.000137
841.615
-165.842
560.278
835.613
-176.7
-0.000137
842.154
150.026
-0.000137
841.615
149.051
-6.2e-005
378.836
-177.676
-6.2e-005
379.375
-4.31602e+008
-4.31602e+008
-4.31602e+008
-4.31602e+008
-4.31602e+008
-4.31602e+008
-4.31602e+008
-4.31602e+008
-4.31602e+008
-4.31602e+008
-4.31602e+008
-4.31602e+008
-4.31602e+008
-4.31602e+008
-4.31602e+008
-4.31602e+008
-4.31602e+008
-4.31602e+008
-4.31602e+008
-4.31602e+008
-4.31602e+008
-4.31602e+008
-4.31602e+008
-4.31602e+008
-4.31602e+008
-4.31602e+008
-4.31602e+008
-4.31602e+008
-4.31602e+008
-4.31602e+008
-4.31602e+008
-4.31602e+008
-4.31602e+008
-4.31602e+008
-4.31602e+008
-4.31602e+008
-4.31602e+008
-4.31602e+008
-4.31602e+008
-4.31602e+008
-4.31602e+008
-4.31602e+008
-4.31602e+008
-4.31602e+008
-4.31602e+008
-4.31602e+008
-4.31602e+008
-4.31602e+008
-4.31602e+008
-4.31602e+008
-4.31602e+008
-4.31602e+008
-4.31602e+008
-4.31602e+008
-4.31602e+008
-4.31602e+008
-4.31602e+008
-4.31602e+008
-4.31602e+008
-4.31602e+008
-4.31602e+008
-4.31602e+008
-4.31602e+008
-4.31602e+008
-4.31602e+008
-4.31602e+008
-4.31602e+008
-4.31602e+008
-4.31602e+008
-4.31602e+008
-4.31602e+008
-4.31602e+008
-4.31602e+008
-4.31602e+008
-4.31602e+008
-4.31602e+008
-4.31602e+008
-4.31602e+008
-4.31602e+008
-4.31602e+008
-4.31602e+008
-4.31602e+008
-4.31602e+008
-4.31602e+008
-4.31602e+008
-4.31602e+008
-4.31602e+008
-4.31602e+008
-4.31602e+008
-4.31602e+008
-4.31602e+008
-4.31602e+008
-4.31602e+008
-4.31602e+008
-4.31602e+008
-4.31602e+008
-4.31602e+008
-4.31602e+008
-4.31602e+008
-4.31602e+008
-4.31602e+008
-4.31602e+008
-4.31602e+008
-4.31602e+008
-4.31602e+008
-4.31602e+008
-4.31602e+008
-4.31602e+008
-4.31602e+008
-4.31602e+008
-4.31602e+008
-4.31602e+008
-4.31602e+008
-4.31602e+008
-4.31602e+008
-4.31602e+008
-4.31602e+008
-4.31602e+008
-4.31602e+008
-4.31602e+008
-4.31602e+008
-4.31602e+008
-4.31602e+008
-4.31602e+008
-4.31602e+008
-4.31602e+008
-4.31602e+008
-4.31602e+008
-4.31602e+008
-4.31602e+008
-4.31602e+008
-4.31602e+008
-4.31602e+008
-4.31602e+008
-4.31602e+008
-4.31602e+008
-4.31602e+008
-4.31602e+008
-4.31602e+008
-4.31602e+008
-4.31602e+008
-4.31602e+008
-4.31602e+008
-4.31602e+008
-4.31602e+008
-4.31602e+008
-4.31602e+008
-4.31602e+008
-4.31602e+008
-4.31602e+008
-4.31602e+008
-4.31602e+008
-4.31602e+008
-4.31602e+008
-4.31602e+008
-4.31602e+008
-4.31602e+008
-4.31602e+008
-4.31602e+008
-4.31602e+008
-4.31602e+008
-4.31602e+008
-4.31602e+008
-4.31602e+008
-4.31602e+008
-4.31602e+008
-4.31602e+008
-4.31602e+008
-4.31602e+008
-4.31602e+008
-4.31602e+008
-4.31602e+008
-4.31602e+008
-4.31602e+008
-4.31602e+008
-4.31602e+008
-4.31602e+008
-4.31602e+008
-4.31602e+008
-4.31602e+008
-4.31602e+008
-4.31602e+008
-4.31602e+008
-4.31602e+008
-4.31602e+008
-4.31602e+008
-4.31602e+008
-4.31602e+008
-4.31602e+008
-4.31602e+008
-4.31602e+008
-4.31602e+008
-4.31602e+008
-4.31602e+008
-4.31602e+008
-4.31602e+008
-4.31602e+008
-4.31602e+008
-4.31602e+008
-4.31602e+008
-4.31602e+008
-4.31602e+008
-4.31602e+008
-4.31602e+008
-4.31602e+008
-4.31602e+008
-4.31602e+008
-4.31602e+008
-4.31602e+008
-4.31602e+008
-4.31602e+008
-4.31602e+008
-4.31602e+008
-4.31602e+008
-4.31602e+008
-4.31602e+008
-4.31602e+008
-4.31602e+008
-4.31602e+008
-4.31602e+008
-4.31602e+008
-4.31602e+008
-4.31602e+008
-4.31602e+008
-4.31602e+008
-4.31602e+008
-4.31602e+008
-4.31602e+008
-4.31602e+008
-4.31602e+008
-4.31602e+008
-4.31602e+008
-4.31602e+008
-4.31602e+008
-4.31602e+008
-4.31602e+008
-4.31602e+008
-4.31602e+008
-4.31602e+008
-4.31602e+008
-4.31602e+008
-4.31602e+008
-4.31602e+008
-4.31602e+008
-4.31602e+008
-4.31602e+008
-4.31602e+008
-4.31602e+008
-4.31602e+008
-4.31602e+008
-4.31602e+008
-4.31602e+008
-4.31602e+008
