371.833
1105.37
-1989.76
1423.07
1105.37
-1989.76
376.853
1105.37
-1994.78
1423.85
1105.37
-1990.54
1423.85
1105.37
-2548.65
1418.83
1105.37
-1995.55
1423.07
1105.37
-2549.42
371.833
1105.37
-2549.42
1418.05
1105.37
-2544.4
371.056
1105.37
-2548.65
371.056
1105.37
-1990.54
376.076
1105.37
-2543.63
377.176
1104.82
-1995.33
1417.73
1104.82
-1995.33
377.176
1099.92
-1995.33
1418.28
1104.82
-1995.88
1418.28
1104.82
-2543.3
1418.28
1099.92
-1995.88
1417.73
1104.82
-2543.85
377.176
1104.82
-2543.85
1417.73
1099.92
-2543.85
376.625
1104.82
-2543.3
376.625
1104.82
-1995.88
376.625
1099.92
-2543.3
371.056
1104.82
-1989.21
371.833
1105.37
-1989.76
371.056
1105.37
-1990.54
1424.4
1104.82
-1989.76
1423.85
1105.37
-1990.54
1423.85
1104.82
-1989.21
370.505
1104.82
-2549.42
371.056
1105.37
-2548.65
371.833
1105.37
-2549.42
1423.85
1104.82
-2549.97
1423.07
1105.37
-2549.42
1424.4
1104.82
-2549.42
376.853
1105.37
-1994.78
377.176
1104.82
-1995.33
376.076
1105.37
-1995.55
1418.83
1105.37
-1995.55
1418.28
1104.82
-1995.88
1417.73
1104.82
-1995.33
1418.05
1105.37
-2544.4
1417.73
1104.82
-2543.85
1418.83
1105.37
-2543.63
376.076
1105.37
-2543.63
376.625
1104.82
-2543.3
376.853
1105.37
-2544.4
377.176
1099.92
-1995.33
377.176
1099.37
-1995.88
376.625
1099.92
-1995.88
1418.28
1099.92
-1995.88
1417.73
1099.37
-1995.88
1417.73
1099.92
-1995.33
1417.73
1099.92
-2543.85
1417.73
1099.37
-2543.3
1418.28
1099.92
-2543.3
376.625
1099.92
-2543.3
377.176
1099.37
-2543.3
377.176
1099.92
-2543.85
371.833
1105.37
-1989.76
371.056
1104.82
-1989.21
1423.07
1105.37
-1989.76
1423.85
1105.37
-1990.54
1424.4
1104.82
-1989.76
1423.85
1105.37
-2548.65
1423.07
1105.37
-2549.42
1423.85
1104.82
-2549.97
371.833
1105.37
-2549.42
371.056
1105.37
-2548.65
370.505
1104.82
-2549.42
371.056
1105.37
-1990.54
1423.85
0.000324
-1989.21
1424.4
0.000324
-1989.76
1423.85
1104.82
-1989.21
371.056
1104.82
-1989.21
370.505
1104.82
-1989.76
371.056
0.000324
-1989.21
1424.4
0.000415
-2549.42
1423.85
0.000415
-2549.97
1424.4
1104.82
-2549.42
371.056
0.000415
-2549.97
370.505
0.000415
-2549.42
371.056
1104.82
-2549.97
377.176
1104.82
-1995.33
376.853
1105.37
-1994.78
1417.73
1104.82
-1995.33
1418.28
1104.82
-1995.88
1418.83
1105.37
-1995.55
1418.28
1104.82
-2543.3
1417.73
1104.82
-2543.85
1418.05
1105.37
-2544.4
377.176
1104.82
-2543.85
376.625
1104.82
-2543.3
376.076
1105.37
-2543.63
376.625
1104.82
-1995.88
371.056
1105.37
-1990.54
371.833
1105.37
-1989.76
376.076
1105.37
-1995.55
1423.07
1105.37
-1989.76
1423.85
1105.37
-1990.54
1418.05
1105.37
-1994.78
1423.07
1105.37
-2549.42
1418.83
1105.37
-2543.63
371.833
1105.37
-2549.42
371.056
1105.37
-2548.65
376.076
1105.37
-2543.63
377.176
1099.37
-1995.88
377.176
1099.92
-1995.33
1417.73
1099.37
-1995.88
1418.28
1099.92
-2543.3
1417.73
1099.37
-2543.3
1418.28
1099.92
-1995.88
1417.73
1099.37
-2543.3
1417.73
1099.92
-2543.85
377.176
1099.37
-2543.3
377.176
1099.37
-2543.3
376.625
1099.92
-2543.3
377.176
1099.37
-1995.88
376.625
1104.82
-1995.88
377.176
1104.82
-1995.33
376.625
1099.92
-1995.88
1417.73
1104.82
-1995.33
1418.28
1104.82
-1995.88
1417.73
1099.92
-1995.33
1418.28
1104.82
-2543.3
1417.73
1104.82
-2543.85
1418.28
1099.92
-2543.3
377.176
1104.82
-2543.85
376.625
1104.82
-2543.3
377.176
1099.92
-2543.85
1423.07
1105.37
-1989.76
1418.05
1105.37
-1994.78
376.853
1105.37
-1994.78
371.833
1105.37
-2549.42
376.853
1105.37
-2544.4
1418.05
1105.37
-2544.4
376.076
1105.37
-1995.55
1417.73
1099.92
-1995.33
1418.28
1099.92
-2543.3
377.176
1099.92
-2543.85
376.625
1099.92
-1995.88
370.505
1104.82
-1989.76
371.056
1104.82
-1989.21
371.056
1105.37
-1990.54
1423.85
1105.37
-1990.54
1423.07
1105.37
-1989.76
1423.85
1104.82
-1989.21
371.056
1104.82
-2549.97
370.505
1104.82
-2549.42
371.833
1105.37
-2549.42
1423.07
1105.37
-2549.42
1423.85
1105.37
-2548.65
1424.4
1104.82
-2549.42
377.176
1104.82
-1995.33
376.625
1104.82
-1995.88
376.076
1105.37
-1995.55
1418.05
1105.37
-1994.78
1418.83
1105.37
-1995.55
1417.73
1104.82
-1995.33
1417.73
1104.82
-2543.85
1418.28
1104.82
-2543.3
1418.83
1105.37
-2543.63
376.625
1104.82
-2543.3
377.176
1104.82
-2543.85
376.853
1105.37
-2544.4
371.056
1104.82
-1989.21
1423.85
1104.82
-1989.21
1423.07
1105.37
-1989.76
1424.4
1104.82
-1989.76
1424.4
1104.82
-2549.42
1423.85
1105.37
-2548.65
1423.85
1104.82
-2549.97
371.056
1104.82
-2549.97
371.833
1105.37
-2549.42
370.505
1104.82
-2549.42
370.505
1104.82
-1989.76
371.056
1105.37
-1990.54
1424.4
0.000324
-1989.76
1424.4
1104.82
-1989.76
1423.85
1104.82
-1989.21
370.505
1104.82
-1989.76
370.505
0.000324
-1989.76
371.056
0.000324
-1989.21
1423.85
1104.82
-2549.97
370.505
1104.82
-2549.42
376.853
1105.37
-1994.78
1418.05
1105.37
-1994.78
1417.73
1104.82
-1995.33
1418.83
1105.37
-1995.55
1418.83
1105.37
-2543.63
1418.28
1104.82
-2543.3
1418.05
1105.37
-2544.4
376.853
1105.37
-2544.4
377.176
1104.82
-2543.85
376.076
1105.37
-2543.63
376.076
1105.37
-1995.55
376.625
1104.82
-1995.88
371.833
1105.37
-1989.76
376.853
1105.37
-1994.78
376.076
1105.37
-1995.55
1423.85
1105.37
-1990.54
1418.83
1105.37
-1995.55
1418.05
1105.37
-1994.78
1418.83
1105.37
-2543.63
376.853
1105.37
-2544.4
371.833
1105.37
-2549.42
376.076
1105.37
-2543.63
1417.73
1099.92
-1995.33
1417.73
1099.37
-1995.88
377.176
1099.92
-2543.85
376.625
1099.92
-2543.3
376.625
1099.92
-1995.88
377.176
1099.37
-1995.88
377.176
1104.82
-1995.33
377.176
1099.92
-1995.33
376.625
1099.92
-1995.88
1418.28
1104.82
-1995.88
1418.28
1099.92
-1995.88
1417.73
1099.92
-1995.33
1417.73
1104.82
-2543.85
1417.73
1099.92
-2543.85
1418.28
1099.92
-2543.3
376.625
1104.82
-2543.3
376.625
1099.92
-2543.3
377.176
1099.92
-2543.85
1417.73
1099.37
-2543.3
377.176
1099.37
-2543.3
1417.73
1099.37
-1995.88
1423.85
1104.82
-1989.21
371.056
1104.82
-1989.21
1423.85
0.000324
-1989.21
1424.4
1104.82
-2549.42
1424.4
1104.82
-1989.76
1424.4
0.000415
-2549.42
371.056
1104.82
-2549.97
1423.85
1104.82
-2549.97
371.056
0.000415
-2549.97
370.505
1104.82
-1989.76
370.505
1104.82
-2549.42
370.505
0.000324
-1989.76
377.176
1099.37
-1995.88
371.056
0.000324
-1989.21
1424.4
0.000324
-1989.76
1423.85
0.000415
-2549.97
370.505
0.000415
-2549.42
-4.31602e+008
-4.31602e+008
-4.31602e+008
-4.31602e+008
-4.31602e+008
-4.31602e+008
-4.31602e+008
-4.31602e+008
-4.31602e+008
-4.31602e+008
-4.31602e+008
-4.31602e+008
-4.31602e+008
-4.31602e+008
-4.31602e+008
-4.31602e+008
-4.31602e+008
-4.31602e+008
-4.31602e+008
-4.31602e+008
-4.31602e+008
-4.31602e+008
-4.31602e+008
-4.31602e+008
-4.31602e+008
-4.31602e+008
-4.31602e+008
-4.31602e+008
-4.31602e+008
-4.31602e+008
-4.31602e+008
-4.31602e+008
-4.31602e+008
-4.31602e+008
-4.31602e+008
-4.31602e+008
-4.31602e+008
-4.31602e+008
-4.31602e+008
-4.31602e+008
-4.31602e+008
-4.31602e+008
-4.31602e+008
-4.31602e+008
-4.31602e+008
-4.31602e+008
-4.31602e+008
-4.31602e+008
-4.31602e+008
-4.31602e+008
-4.31602e+008
-4.31602e+008
-4.31602e+008
-4.31602e+008
-4.31602e+008
-4.31602e+008
-4.31602e+008
-4.31602e+008
-4.31602e+008
-4.31602e+008
-4.31602e+008
-4.31602e+008
-4.31602e+008
-4.31602e+008
-4.31602e+008
-4.31602e+008
-4.31602e+008
-4.31602e+008
-4.31602e+008
-4.31602e+008
-4.31602e+008
-4.31602e+008
-4.31602e+008
-4.31602e+008
-4.31602e+008
-4.31602e+008
-4.31602e+008
-4.31602e+008
-4.31602e+008
-4.31602e+008
-4.31602e+008
-4.31602e+008
-4.31602e+008
-4.31602e+008
-4.31602e+008
-4.31602e+008
-4.31602e+008
-4.31602e+008
-4.31602e+008
-4.31602e+008
-4.31602e+008
-4.31602e+008
-4.31602e+008
-4.31602e+008
-4.31602e+008
-4.31602e+008
-4.31602e+008
-4.31602e+008
-4.31602e+008
-4.31602e+008
-4.31602e+008
-4.31602e+008
-4.31602e+008
-4.31602e+008
-4.31602e+008
-4.31602e+008
-4.31602e+008
-4.31602e+008
-4.31602e+008
-4.31602e+008
-4.31602e+008
-4.31602e+008
-4.31602e+008
-4.31602e+008
-4.31602e+008
-4.31602e+008
-4.31602e+008
-4.31602e+008
-4.31602e+008
-4.31602e+008
-4.31602e+008
-4.31602e+008
-4.31602e+008
-4.31602e+008
-4.31602e+008
-4.31602e+008
-4.31602e+008
-4.31602e+008
-4.31602e+008
-4.31602e+008
-4.31602e+008
-4.31602e+008
-4.31602e+008
-4.31602e+008
-4.31602e+008
-4.31602e+008
-4.31602e+008
-4.31602e+008
-4.31602e+008
-4.31602e+008
-4.31602e+008
-4.31602e+008
-4.31602e+008
-4.31602e+008
-4.31602e+008
-4.31602e+008
-4.31602e+008
-4.31602e+008
-4.31602e+008
-4.31602e+008
-4.31602e+008
-4.31602e+008
-4.31602e+008
-4.31602e+008
-4.31602e+008
-4.31602e+008
-4.31602e+008
-4.31602e+008
-4.31602e+008
-4.31602e+008
-4.31602e+008
-4.31602e+008
-4.31602e+008
-4.31602e+008
-4.31602e+008
-4.31602e+008
-4.31602e+008
-4.31602e+008
-4.31602e+008
-4.31602e+008
-4.31602e+008
-4.31602e+008
-4.31602e+008
-4.31602e+008
-4.31602e+008
-4.31602e+008
-4.31602e+008
-4.31602e+008
-4.31602e+008
-4.31602e+008
-4.31602e+008
-4.31602e+008
-4.31602e+008
-4.31602e+008
-4.31602e+008
-4.31602e+008
-4.31602e+008
-4.31602e+008
-4.31602e+008
-4.31602e+008
-4.31602e+008
-4.31602e+008
-4.31602e+008
-4.31602e+008
-4.31602e+008
-4.31602e+008
-4.31602e+008
-4.31602e+008
-4.31602e+008
-4.31602e+008
-4.31602e+008
-4.31602e+008
-4.31602e+008
-4.31602e+008
-4.31602e+008
-4.31602e+008
-4.31602e+008
-4.31602e+008
-4.31602e+008
-4.31602e+008
-4.31602e+008
-4.31602e+008
-4.31602e+008
-4.31602e+008
-4.31602e+008
-4.31602e+008
-4.31602e+008
-4.31602e+008
-4.31602e+008
-4.31602e+008
-4.31602e+008
-4.31602e+008
-4.31602e+008
-4.31602e+008
-4.31602e+008
-4.31602e+008
-4.31602e+008
-4.31602e+008
-4.31602e+008
-4.31602e+008
-4.31602e+008
-4.31602e+008
-4.31602e+008
-4.31602e+008
-4.31602e+008
-4.31602e+008
-4.31602e+008
-4.31602e+008
-4.31602e+008
-4.31602e+008
-4.31602e+008
-4.31602e+008
-4.31602e+008
-4.31602e+008
-4.31602e+008
-4.31602e+008
-4.31602e+008
-4.31602e+008
-4.31602e+008
-4.31602e+008
-4.31602e+008
-4.31602e+008
-4.31602e+008
-4.31602e+008
-4.31602e+008
-4.31602e+008
-4.31602e+008
-4.31602e+008
-4.31602e+008
-4.31602e+008
-4.31602e+008
-4.31602e+008
