0.375
0
0.625
0
0.625
0.091094
0.375
0.091094
0.375
0.25
0.625
0.25
0.625
0.5
0.375
0.5
0.375
0.5
0.625
0.5
0.625
0.617674
0.375
0.617674
0.375
0.75
0.625
0.75
0.625
1
0.375
1
0.625
0
0.875
0
0.875
0.091094
0.625
0.091094
0.125
0
0.375
0
0.375
0.091094
0.125
0.091094
0.375
0.132326
0.625
0.132326
0.625
0.25
0.375
0.25
0.375
0.658906
0.625
0.658906
0.625
0.75
0.375
0.75
0.625
0.132326
0.875
0.132326
0.875
0.25
0.625
0.25
0.125
0.132326
0.375
0.132326
0.375
0.25
0.125
0.25
0.375
0.114896
0.125
0.114896
0.625
0.114896
0.375
0.114896
0.875
0.114896
0.625
0.114896
0.375
0.635104
0.625
0.635104
0.125
0.114896
0.375
0.114896
0.375
0.132326
0.125
0.132326
0.375
0.114896
0.625
0.114896
0.625
0.132326
0.375
0.132326
0.625
0.114896
0.875
0.114896
0.875
0.132326
0.625
0.132326
0.375
0.617674
0.625
0.617674
0.625
0.635104
0.375
0.635104
0.125
0.114896
0.375
0.114896
0.375
0.114896
0.125
0.114896
0.375
0.132326
0.125
0.132326
0.125
0.132326
0.375
0.132326
0.375
0.114896
0.625
0.114896
0.625
0.114896
0.375
0.114896
0.625
0.132326
0.375
0.132326
0.375
0.132326
0.625
0.132326
0.625
0.114896
0.875
0.114896
0.875
0.114896
0.625
0.114896
0.875
0.132326
0.625
0.132326
0.625
0.132326
0.875
0.132326
0.375
0.617674
0.625
0.617674
0.625
0.617674
0.375
0.617674
0.625
0.635104
0.375
0.635104
0.375
0.635104
0.625
0.635104
