365.812
562.66
-342.018
1199.31
562.66
-342.018
374.719
562.66
-346.942
1200.69
562.66
-342.781
1200.69
562.66
-803.495
1191.78
562.66
-347.704
1199.31
562.66
-804.258
365.812
562.66
-804.258
1190.4
562.66
-799.335
364.432
562.66
-803.495
364.432
562.66
-342.781
373.339
562.66
-798.572
375.29
562.442
-347.481
1189.83
562.442
-347.481
375.29
560.497
-347.481
1190.81
562.442
-348.02
1190.81
562.442
-798.256
1190.81
560.497
-348.02
1189.83
562.442
-798.795
375.29
562.442
-798.795
1189.83
560.497
-798.795
374.314
562.442
-798.256
374.314
562.442
-348.02
374.314
560.497
-798.256
364.432
562.442
-341.479
365.812
562.66
-342.018
363.456
562.442
-342.018
1201.66
562.442
-342.018
1200.69
562.66
-342.781
1199.31
562.66
-342.018
363.456
562.442
-804.258
364.432
562.66
-803.495
365.812
562.66
-804.258
1200.69
562.442
-804.797
1199.31
562.66
-804.258
1201.66
562.442
-804.258
374.719
562.66
-346.942
375.29
562.442
-347.481
373.339
562.66
-347.704
1191.78
562.66
-347.704
1190.81
562.442
-348.02
1189.83
562.442
-347.481
1190.4
562.66
-799.335
1189.83
562.442
-798.795
1191.78
562.66
-798.572
373.339
562.66
-798.572
374.314
562.442
-798.256
375.29
562.442
-798.795
375.29
560.497
-347.481
375.29
560.278
-348.02
374.314
560.497
-348.02
1190.81
560.497
-348.02
1189.83
560.278
-348.02
1189.83
560.497
-347.481
1189.83
560.497
-798.795
1189.83
560.278
-798.256
1190.81
560.497
-798.256
374.314
560.497
-798.256
375.29
560.278
-798.256
375.29
560.497
-798.795
365.812
562.66
-342.018
364.432
562.442
-341.479
1199.31
562.66
-342.018
1200.69
562.66
-342.781
1201.66
562.442
-342.018
1200.69
562.66
-803.495
1199.31
562.66
-804.258
1200.69
562.442
-804.797
365.812
562.66
-804.258
364.432
562.66
-803.495
363.456
562.442
-804.258
364.432
562.66
-342.781
1200.69
5.6e-005
-341.479
1201.66
5.6e-005
-342.019
1200.69
562.442
-341.479
364.432
562.442
-341.479
363.456
562.442
-342.018
364.432
5.6e-005
-341.479
1201.66
0.000131
-804.258
1200.69
0.000131
-804.797
1201.66
562.442
-804.258
364.432
0.000131
-804.797
363.456
0.000131
-804.258
364.432
562.442
-804.797
375.29
562.442
-347.481
374.719
562.66
-346.942
1189.83
562.442
-347.481
1190.81
562.442
-348.02
1191.78
562.66
-347.704
1190.81
562.442
-798.256
1189.83
562.442
-798.795
1190.4
562.66
-799.335
375.29
562.442
-798.795
374.314
562.442
-798.256
373.339
562.66
-798.572
374.314
562.442
-348.02
365.812
562.66
-342.018
374.719
562.66
-346.942
1199.31
562.66
-342.018
1190.4
562.66
-346.942
374.719
562.66
-799.335
375.29
560.278
-348.02
375.29
560.497
-347.481
1189.83
560.278
-348.02
1190.81
560.497
-798.256
1189.83
560.278
-798.256
1190.81
560.497
-348.02
1189.83
560.278
-798.256
1189.83
560.497
-798.795
375.29
560.278
-798.256
375.29
560.278
-798.256
374.314
560.497
-798.256
375.29
560.278
-348.02
374.314
562.442
-348.02
375.29
562.442
-347.481
374.314
560.497
-348.02
1189.83
562.442
-347.481
1190.81
562.442
-348.02
1189.83
560.497
-347.481
1190.81
562.442
-798.256
1189.83
562.442
-798.795
1189.83
560.497
-798.795
375.29
562.442
-798.795
374.314
562.442
-798.256
375.29
560.497
-798.795
1191.78
562.66
-798.572
365.812
562.66
-804.258
374.719
562.66
-799.335
1190.4
562.66
-799.335
373.339
562.66
-347.704
1189.83
560.497
-347.481
1190.81
562.442
-798.256
1190.81
560.497
-798.256
1190.81
560.497
-348.02
375.29
560.497
-798.795
374.314
560.497
-348.02
365.812
562.66
-342.018
364.432
562.66
-342.781
363.456
562.442
-342.018
1200.69
562.442
-341.479
1201.66
562.442
-342.018
1199.31
562.66
-342.018
364.432
562.442
-804.797
363.456
562.442
-804.258
365.812
562.66
-804.258
1199.31
562.66
-804.258
1200.69
562.66
-803.495
1201.66
562.442
-804.258
375.29
562.442
-347.481
374.314
562.442
-348.02
373.339
562.66
-347.704
1190.4
562.66
-346.942
1191.78
562.66
-347.704
1189.83
562.442
-347.481
1189.83
562.442
-798.795
1190.81
562.442
-798.256
1191.78
562.66
-798.572
374.719
562.66
-799.335
373.339
562.66
-798.572
375.29
562.442
-798.795
364.432
562.442
-341.479
1200.69
562.442
-341.479
1199.31
562.66
-342.018
1201.66
562.442
-342.018
1201.66
562.442
-804.258
1200.69
562.66
-803.495
1200.69
562.442
-804.797
364.432
562.442
-804.797
365.812
562.66
-804.258
363.456
562.442
-804.258
363.456
562.442
-342.018
364.432
562.66
-342.781
1201.66
5.6e-005
-342.019
1201.66
562.442
-342.018
1200.69
562.442
-341.479
363.456
562.442
-342.018
363.456
5.6e-005
-342.019
364.432
5.6e-005
-341.479
1200.69
0.000131
-804.797
1200.69
562.442
-804.797
1201.66
562.442
-804.258
363.456
0.000131
-804.258
363.456
562.442
-804.258
364.432
562.442
-804.797
374.719
562.66
-346.942
1190.4
562.66
-346.942
1189.83
562.442
-347.481
1191.78
562.66
-347.704
1191.78
562.66
-798.572
1190.81
562.442
-798.256
1190.4
562.66
-799.335
374.719
562.66
-799.335
375.29
562.442
-798.795
373.339
562.66
-798.572
373.339
562.66
-347.704
374.314
562.442
-348.02
1200.69
562.66
-342.781
1191.78
562.66
-347.704
1190.4
562.66
-346.942
375.29
560.497
-347.481
1189.83
560.497
-347.481
1189.83
560.278
-348.02
1189.83
560.278
-348.02
375.29
560.497
-798.795
374.314
560.497
-348.02
375.29
562.442
-347.481
375.29
560.497
-347.481
374.314
560.497
-348.02
1190.81
562.442
-348.02
1190.81
560.497
-348.02
1189.83
560.497
-347.481
1190.81
560.497
-798.256
1190.81
562.442
-798.256
1189.83
560.497
-798.795
374.314
562.442
-798.256
374.314
560.497
-798.256
375.29
560.497
-798.795
1189.83
560.278
-798.256
375.29
560.278
-798.256
1189.83
560.278
-348.02
1200.69
562.442
-341.479
364.432
562.442
-341.479
1200.69
5.6e-005
-341.479
1201.66
562.442
-804.258
1201.66
562.442
-342.018
1201.66
0.000131
-804.258
364.432
562.442
-804.797
1200.69
562.442
-804.797
364.432
0.000131
-804.797
363.456
562.442
-342.018
363.456
562.442
-804.258
363.456
5.6e-005
-342.019
375.29
560.278
-348.02
364.432
5.6e-005
-341.479
1201.66
5.6e-005
-342.019
1200.69
0.000131
-804.797
363.456
0.000131
-804.258
-4.31602e+008
-4.31602e+008
-4.31602e+008
-4.31602e+008
-4.31602e+008
-4.31602e+008
-4.31602e+008
-4.31602e+008
-4.31602e+008
-4.31602e+008
-4.31602e+008
-4.31602e+008
-4.31602e+008
-4.31602e+008
-4.31602e+008
-4.31602e+008
-4.31602e+008
-4.31602e+008
-4.31602e+008
-4.31602e+008
-4.31602e+008
-4.31602e+008
-4.31602e+008
-4.31602e+008
-4.31602e+008
-4.31602e+008
-4.31602e+008
-4.31602e+008
-4.31602e+008
-4.31602e+008
-4.31602e+008
-4.31602e+008
-4.31602e+008
-4.31602e+008
-4.31602e+008
-4.31602e+008
-4.31602e+008
-4.31602e+008
-4.31602e+008
-4.31602e+008
-4.31602e+008
-4.31602e+008
-4.31602e+008
-4.31602e+008
-4.31602e+008
-4.31602e+008
-4.31602e+008
-4.31602e+008
-4.31602e+008
-4.31602e+008
-4.31602e+008
-4.31602e+008
-4.31602e+008
-4.31602e+008
-4.31602e+008
-4.31602e+008
-4.31602e+008
-4.31602e+008
-4.31602e+008
-4.31602e+008
-4.31602e+008
-4.31602e+008
-4.31602e+008
-4.31602e+008
-4.31602e+008
-4.31602e+008
-4.31602e+008
-4.31602e+008
-4.31602e+008
-4.31602e+008
-4.31602e+008
-4.31602e+008
-4.31602e+008
-4.31602e+008
-4.31602e+008
-4.31602e+008
-4.31602e+008
-4.31602e+008
-4.31602e+008
-4.31602e+008
-4.31602e+008
-4.31602e+008
-4.31602e+008
-4.31602e+008
-4.31602e+008
-4.31602e+008
-4.31602e+008
-4.31602e+008
-4.31602e+008
-4.31602e+008
-4.31602e+008
-4.31602e+008
-4.31602e+008
-4.31602e+008
-4.31602e+008
-4.31602e+008
-4.31602e+008
-4.31602e+008
-4.31602e+008
-4.31602e+008
-4.31602e+008
-4.31602e+008
-4.31602e+008
-4.31602e+008
-4.31602e+008
-4.31602e+008
-4.31602e+008
-4.31602e+008
-4.31602e+008
-4.31602e+008
-4.31602e+008
-4.31602e+008
-4.31602e+008
-4.31602e+008
-4.31602e+008
-4.31602e+008
-4.31602e+008
-4.31602e+008
-4.31602e+008
-4.31602e+008
-4.31602e+008
-4.31602e+008
-4.31602e+008
-4.31602e+008
-4.31602e+008
-4.31602e+008
-4.31602e+008
-4.31602e+008
-4.31602e+008
-4.31602e+008
-4.31602e+008
-4.31602e+008
-4.31602e+008
-4.31602e+008
-4.31602e+008
-4.31602e+008
-4.31602e+008
-4.31602e+008
-4.31602e+008
-4.31602e+008
-4.31602e+008
-4.31602e+008
-4.31602e+008
-4.31602e+008
-4.31602e+008
-4.31602e+008
-4.31602e+008
-4.31602e+008
-4.31602e+008
-4.31602e+008
-4.31602e+008
-4.31602e+008
-4.31602e+008
-4.31602e+008
-4.31602e+008
-4.31602e+008
-4.31602e+008
-4.31602e+008
-4.31602e+008
-4.31602e+008
-4.31602e+008
-4.31602e+008
-4.31602e+008
-4.31602e+008
-4.31602e+008
-4.31602e+008
-4.31602e+008
-4.31602e+008
-4.31602e+008
-4.31602e+008
-4.31602e+008
-4.31602e+008
-4.31602e+008
-4.31602e+008
-4.31602e+008
-4.31602e+008
-4.31602e+008
-4.31602e+008
-4.31602e+008
-4.31602e+008
-4.31602e+008
-4.31602e+008
-4.31602e+008
-4.31602e+008
-4.31602e+008
-4.31602e+008
-4.31602e+008
-4.31602e+008
-4.31602e+008
-4.31602e+008
-4.31602e+008
-4.31602e+008
-4.31602e+008
-4.31602e+008
-4.31602e+008
-4.31602e+008
-4.31602e+008
-4.31602e+008
-4.31602e+008
-4.31602e+008
-4.31602e+008
-4.31602e+008
-4.31602e+008
-4.31602e+008
-4.31602e+008
-4.31602e+008
-4.31602e+008
-4.31602e+008
-4.31602e+008
-4.31602e+008
-4.31602e+008
-4.31602e+008
-4.31602e+008
-4.31602e+008
-4.31602e+008
-4.31602e+008
-4.31602e+008
-4.31602e+008
-4.31602e+008
-4.31602e+008
-4.31602e+008
-4.31602e+008
-4.31602e+008
-4.31602e+008
-4.31602e+008
-4.31602e+008
-4.31602e+008
-4.31602e+008
-4.31602e+008
-4.31602e+008
-4.31602e+008
-4.31602e+008
-4.31602e+008
-4.31602e+008
-4.31602e+008
-4.31602e+008
-4.31602e+008
-4.31602e+008
-4.31602e+008
-4.31602e+008
-4.31602e+008
-4.31602e+008
-4.31602e+008
-4.31602e+008
-4.31602e+008
-4.31602e+008
-4.31602e+008
-4.31602e+008
-4.31602e+008
-4.31602e+008
-4.31602e+008
-4.31602e+008
-4.31602e+008
-4.31602e+008
-4.31602e+008
-4.31602e+008
-4.31602e+008
-4.31602e+008
-4.31602e+008
-4.31602e+008
-4.31602e+008
-4.31602e+008
-4.31602e+008
-4.31602e+008
-4.31602e+008
-4.31602e+008
-4.31602e+008
-4.31602e+008
-4.31602e+008
-4.31602e+008
-4.31602e+008
-4.31602e+008
-4.31602e+008
-4.31602e+008
-4.31602e+008
-4.31602e+008
-4.31602e+008
-4.31602e+008
-4.31602e+008
-4.31602e+008
-4.31602e+008
-4.31602e+008
-4.31602e+008
-4.31602e+008
-4.31602e+008
-4.31602e+008
-4.31602e+008
-4.31602e+008
-4.31602e+008
